COE 2001   0	0	0	4	0	3	0	0	3	4	13	2	1	2	2	0	4	1	3	8	2	10	4	1	0	0	0	0	3	16	0	4	1	11	
COE 3001   0	0	1	0	0	0	0	0	8	4	8	1	1	0	0	1	9	0	0	19	0	8	19	0	2	0	0	0	1	0	0	3	1	7	
ECE 2699   0	1	0	0	0	1	0	0	0	1	0	0	0	0	0	0	0	0	2	1	0	0	1	0	1	0	0	0	0	0	0	0	0	0	
ECE 3076   4	0	0	0	1	6	0	2	3	0	1	0	0	1	0	0	0	0	0	4	1	2	1	1	0	0	1	0	0	0	0	0	0	0	
ECE 2040   0	0	0	1	0	0	0	0	0	0	3	0	0	0	0	0	0	0	0	3	0	2	2	0	0	0	0	0	0	0	0	0	0	0	
ECE 3025   3	0	1	6	0	0	3	1	1	2	2	1	0	1	0	0	0	0	0	6	0	8	4	4	0	0	0	1	0	2	0	1	0	1	
ECE 4750   0	0	0	0	0	3	0	0	0	1	0	0	0	0	0	0	0	0	0	0	0	3	0	1	2	1	0	0	2	0	0	1	1	1	
ECE 4751   0	0	0	2	0	1	0	0	0	0	0	0	0	0	1	0	0	1	2	0	0	1	1	0	2	0	0	0	0	0	0	0	1	0	
ECE 3710   3	8	0	3	0	1	0	0	0	4	3	1	2	0	1	1	8	2	1	6	0	6	4	0	0	0	0	0	1	2	0	2	1	4	
ECON 2101   4	4	1	0	0	2	1	0	4	0	10	1	1	2	3	0	2	1	1	5	3	13	4	1	1	0	0	1	0	1	0	5	1	7	
FREN 1001   13	8	0	1	3	2	0	0	3	10	0	1	0	0	0	0	3	4	4	15	2	18	9	0	1	0	1	3	6	5	0	10	4	9	
FREN 1002   2	1	0	0	0	1	0	0	1	1	1	0	0	0	0	0	2	0	3	0	0	3	1	0	0	0	0	1	2	2	0	4	1	2	
FREN 2021   1	1	0	0	0	0	0	0	2	1	0	0	0	0	0	0	1	0	2	1	1	2	2	1	1	0	0	0	0	0	1	0	0	1	
FREN 2813   2	0	0	1	0	1	0	0	0	2	0	0	0	0	1	0	1	0	0	0	0	1	0	2	0	0	0	0	0	2	0	1	2	2	
FREN 4813   2	0	0	0	0	0	0	1	1	3	0	0	0	1	0	0	1	1	0	0	0	1	0	0	0	0	0	0	1	1	0	0	0	3	
FREN 4901   0	1	0	0	0	0	0	0	1	0	0	0	0	0	0	0	0	0	0	1	0	0	2	0	0	0	0	0	0	1	0	0	0	3	
ISYE 3025   4	9	0	0	0	0	0	0	8	2	3	2	1	1	1	0	0	6	7	10	2	10	10	0	3	0	0	0	5	2	0	9	2	5	
ISYE 3039   1	0	0	0	0	0	0	1	2	1	4	0	0	0	1	0	6	0	1	1	2	0	1	0	0	2	0	0	6	0	0	4	2	2	
ISYE 2028   3	0	2	0	0	0	0	2	1	1	4	3	2	0	0	0	7	1	0	1	0	5	0	0	0	0	0	0	5	0	0	5	0	1	
ISYE 3770   8	19	1	4	3	6	0	0	6	5	15	0	1	0	0	1	10	1	1	0	0	17	23	3	1	1	2	2	3	2	0	4	1	11	
HTS 4803   2	0	0	1	0	0	0	0	0	3	2	0	1	0	0	0	2	2	0	0	0	5	1	0	1	0	0	0	0	1	0	1	0	0	
HTS 2084   10	8	0	2	2	8	3	1	6	13	18	3	2	1	1	0	10	0	5	17	5	0	9	4	3	0	1	3	1	3	0	11	3	10	
ME 3322   4	19	1	1	2	4	0	1	4	4	9	1	2	0	0	2	10	1	0	23	1	9	0	0	2	0	2	0	0	3	0	6	2	9	
ME 3720   1	0	0	1	0	4	1	0	0	1	0	0	1	2	0	0	0	0	0	3	0	4	0	0	0	0	0	1	0	2	0	0	0	0	
ME 4760   0	2	1	0	0	0	2	2	0	1	1	0	1	0	0	0	3	0	0	1	1	3	2	0	0	0	0	0	2	0	0	0	1	0	
CS 2699   0	0	0	0	0	0	1	0	0	0	0	0	0	0	0	0	0	2	0	1	0	0	0	0	0	4	1	0	2	0	2	0	0	1	
CS 3251   0	0	0	1	0	0	0	0	0	0	1	0	0	0	0	0	0	0	0	2	0	1	2	0	0	1	0	5	1	0	0	0	0	0	
CS 4001   0	0	0	0	0	1	0	0	0	1	3	1	0	0	0	0	0	0	0	2	0	3	0	1	0	0	5	4	2	0	0	2	2	0	
CS 4400   3	1	0	0	0	0	2	0	1	0	6	2	0	0	1	0	5	6	5	3	0	1	0	0	2	2	1	2	0	0	0	8	2	4	
CHBE 3200   16	0	0	0	0	2	0	0	2	1	5	2	0	2	1	1	2	0	0	2	1	3	3	2	0	0	0	0	0	0	0	1	0	5	
CHBE 3001   0	0	0	0	0	0	0	0	0	0	0	0	1	0	0	0	0	0	0	0	0	0	0	0	0	2	0	0	0	0	0	0	0	0	
MGT 3150   4	3	0	0	0	1	1	0	2	5	10	4	0	1	0	0	9	4	5	4	1	11	6	0	0	0	0	2	8	1	0	0	10	2	
MGT 3660   1	1	0	0	0	0	1	1	1	1	4	1	0	2	0	0	2	2	0	1	0	3	2	0	1	0	0	2	2	0	0	10	0	1	
MSE 2001   11	7	0	0	0	1	1	0	4	7	9	2	1	2	3	3	5	2	1	11	0	10	9	0	0	1	0	0	4	5	0	2	1	0	

COE 2001 :  102
COE 3001 :  93
ECE 2699 :  8
ECE 3076 :  28
ECE 2040 :  11
ECE 3025 :  48
ECE 4750 :  16
ECE 4751 :  12
ECE 3710 :  64
ECON 2101 :  79
FREN 1001 :  135
FREN 1002 :  28
FREN 2021 :  18
FREN 2813 :  18
FREN 4813 :  16
FREN 4901 :  9
ISYE 3025 :  102
ISYE 3039 :  37
ISYE 2028 :  43
ISYE 3770 :  151
HTS 4803 :  22
HTS 2084 :  163
ME 3322 :  122
ME 3720 :  21
ME 4760 :  23
CS 2699 :  14
CS 3251 :  14
CS 4001 :  27
CS 4400 :  57
CHBE 3200 :  51
CHBE 3001 :  3
MGT 3150 :  94
MGT 3660 :  39
MSE 2001 :  102
